ILE01: 58233,58234,58235,58236,58237,58238,58239,58240,58241,58242,58243,58244,58245,58246,58247,58248,58249,58250,58251,58252,58253,58254,58255,58256,58257

LYS03: 58266,58267,58268,58269,58270,58271,58272,58273,58274,58275,58276,58277,58278,58279,58280,58281,58282,58283,58284,58285,58286

ARG07: 58344,58345,58346,58347,58348,58349,58350,58351,58352,58353,58354,58355,58356,58357,58358,58359,58360,58361,58362,58363,58364,58365,58366,58367,

PRO19: 58585,58586,58587,58588,58589,58590,58591,58592,58593,58594,58595,58596,58597,58598,58599,58600,58601,58602,58603

PRO22: 58644,58645,58646,58647,58648,58649,58650,58651,58652,58653,58654,58655,58656,58657

LEU23: 58658,58659,58660,58661,58662,58663,58664,58665,58666,58667,58668,58669,58670,58671,58672,58673,58674,58675,58676

ARG24: 58677,58678,58679,58680,58681,58682,58683,58684,58685,58686,58687,58688,58689,58690,58691,58692,58693,58694,58695,58696,58697,58698,58699,58700,58701,58702,58703
